1787208000
101938752.000000
-111021512.000000
0.000000
0.000000
-29.788006
29.298203
0.489803
5841.888184
0.000000
150722544.000000
nan
nan
0.000000
0.000000
nan
nan
nan
nan
nan
nan
34956896.000000
-46660692.000000
0.000000
0.000000
58.335266
-12.889684
-45.445583
39081.679688
0.000000
58302700.000000
-96923960.000000
-47346372.000000
0.000000
0.000000
28.633032
5.760080
-34.393112
11392.750000
0.000000
107869984.000000
190951328.000000
128298560.000000
0.000000
0.000000
34.995872
10.825011
24.170860
2507.533203
0.000000
230049840.000000
-134182968.000000
-768785920.000000
0.000000
0.000000
-34.995872
10.825011
24.170860
218.021362
0.000000
780408128.000000
1174741248.000000
781988544.000000
0.000000
0.000000
13.051115
5.687923
7.363193
66.613953
0.000000
1411213312.000000
2423231232.000000
-1551661312.000000
0.000000
0.000000
13.051115
-5.687923
-7.363193
16.022461
0.000000
2877447168.000000
4506317312.000000
67119592.000000
0.000000
0.000000
6.038533
0.609556
5.428977
6.531313
0.000000
4506817024.000000
