1656836000
28569202.000000
-147277216.000000
-29.788006
29.298203
0.489803
5894.471191
150022592.000000
nan
nan
nan
nan
nan
nan
nan
49785452.000000
30573204.000000
58.335266
12.889684
45.445583
38896.414062
58423556.000000
95465400.000000
51057740.000000
28.633032
-5.760080
34.393112
11321.708008
108261424.000000
206158592.000000
-98019264.000000
34.995872
-10.825011
-24.170860
2546.189941
228274272.000000
223287440.000000
-746400448.000000
34.995872
-10.825011
-24.170860
218.771255
779083392.000000
1137192320.000000
-816800512.000000
13.051115
-5.687923
-7.363193
67.671341
1400131968.000000
1141733760.000000
-2633195264.000000
13.051115
-5.687923
-7.363193
16.104799
2870064896.000000
4442608640.000000
-716769344.000000
6.038533
-0.609556
-5.428977
6.550919
4500058624.000000
