1655906000
1038713.312500
-149996032.000000
29.788006
-29.298203
-0.489803
5896.015625
149999632.000000
nan
nan
nan
nan
nan
nan
nan
53927772.000000
-21587560.000000
-58.335266
12.889684
45.445583
39324.222656
58088100.000000
104834432.000000
26201650.000000
28.633032
-5.760080
34.393112
11361.852539
108059168.000000
189949280.000000
-126212000.000000
-34.995872
10.825011
24.170860
2550.732178
228057440.000000
191903056.000000
-755010432.000000
-34.995872
10.825011
24.170860
218.806091
779017024.000000
1129984128.000000
-826565824.000000
-13.051115
5.687923
7.363193
67.680893
1400026880.000000
1130567168.000000
-2637953792.000000
-13.051115
5.687923
7.363193
16.105331
2870014464.000000
4441623040.000000
-722305344.000000
-6.038533
0.609556
5.428977
6.551152
4499971072.000000
