1664715000
148846368.000000
26979490.000000
-29.788006
-29.298203
-0.489803
5799.543457
151271728.000000
nan
nan
-nan
-nan
-nan
nan
nan
-30202948.000000
50383936.000000
-58.335266
-12.889684
-45.445583
38411.734375
58743160.000000
-91022216.000000
59413372.000000
28.633032
-5.760080
34.393112
11222.986328
108696792.000000
167357824.000000
158244800.000000
34.995872
10.825011
24.170860
2501.173828
230325984.000000
468544608.000000
-623586688.000000
34.995872
-10.825011
-24.170860
218.267548
779996416.000000
1194830208.000000
-731673600.000000
13.051116
-5.687923
-7.363193
67.582489
1401058688.000000
1235516928.000000
-2591037696.000000
13.051116
-5.687923
-7.363193
16.099548
2870536192.000000
4450124288.000000
-669750656.000000
6.038533
-0.609556
-5.428977
6.550401
4500241408.000000
