1656196000
9670745.000000
-149692304.000000
-29.788006
29.298203
0.489803
5895.663086
150004368.000000
-nan
-nan
-nan
-nan
-nan
-nan
-nan
58048596.000000
-5238705.000000
58.335266
-12.889684
-45.445583
39060.246094
58284504.000000
102629608.000000
34206052.000000
28.633032
-5.760080
34.393112
11336.488281
108179896.000000
195478752.000000
-117701808.000000
34.995872
-10.825011
-24.170860
2548.017578
228179008.000000
201731728.000000
-752481600.000000
34.995872
-10.825011
-24.170860
218.785675
779053440.000000
1132259328.000000
-823541120.000000
13.051115
-5.687923
-7.363193
67.675507
1400082560.000000
1134056448.000000
-2636488192.000000
13.051115
-5.687923
-7.363193
16.104998
2870044160.000000
4441845760.000000
-720563648.000000
6.038533
-0.609556
-5.428977
6.551325
4499911680.000000
