1656216000
10266023.000000
-149654784.000000
0.000000
0.000000
29.790001
-29.298203
-0.489803
5895.485840
0.000000
150006480.000000
2030835.500000
147868304.000000
0.000000
0.000000
1.020000
0.000000
0.000000
8583.575195
0.000000
387513.062500
57453684.000000
-8272835.000000
0.000000
0.000000
48.799900
12.889684
45.445583
39373.566406
0.000000
58046236.000000
101327296.000000
37409904.000000
0.000000
0.000000
35.009998
-5.760080
34.393112
11370.825195
0.000000
108012600.000000
193158320.000000
-121141152.000000
0.000000
0.000000
24.219900
10.825011
24.170860
2551.862305
0.000000
228002880.000000
192841840.000000
-754753600.000000
0.000000
0.000000
13.050000
10.825011
24.170860
218.814972
0.000000
779000000.000000
1131458688.000000
-824500608.000000
0.000000
0.000000
9.700000
5.687923
7.363193
67.683304
0.000000
1400000000.000000
1131695360.000000
-2637454592.000000
0.000000
0.000000
6.800000
5.687923
7.363193
16.105480
0.000000
2870000128.000000
4441907200.000000
-720734208.000000
0.000000
0.000000
5.430000
0.609556
5.428977
6.551075
0.000000
4499999744.000000
