1656136000
7887237.500000
-149803168.000000
0.000000
0.000000
-29.790001
-29.298203
-0.489803
5895.168945
0.000000
150010656.000000
nan
nan
0.000000
0.000000
1.020000
nan
nan
nan
nan
nan
56795552.000000
-12127400.000000
0.000000
0.000000
-48.799900
12.889684
45.445583
39334.757812
0.000000
58075888.000000
102271328.000000
34772340.000000
0.000000
0.000000
35.009998
-5.760080
34.393112
11369.114258
0.000000
108021016.000000
192123424.000000
-122779280.000000
0.000000
0.000000
-24.219900
10.825011
24.170860
2551.822021
0.000000
228004736.000000
191830160.000000
-755011392.000000
0.000000
0.000000
-13.050000
10.825011
24.170860
218.814972
0.000000
779000000.000000
1131001728.000000
-825127232.000000
0.000000
0.000000
-9.700000
5.687923
7.363193
67.683304
0.000000
1400000000.000000
1131195520.000000
-2637668864.000000
0.000000
0.000000
-6.800000
5.687923
7.363193
16.105480
0.000000
2870000128.000000
4441837568.000000
-721163840.000000
0.000000
0.000000
-5.430000
0.609556
5.428977
6.551075
0.000000
4499999744.000000
