1820147000
137355680.000000
-213992576.000000
0.000000
0.000000
29.790001
-29.298203
-0.489803
2055.959961
0.000000
254282144.000000
nan
nan
0.000000
0.000000
-1.020000
nan
nan
nan
nan
nan
318917600.000000
121614440.000000
0.000000
0.000000
48.799900
12.889684
45.445583
1142.272339
0.000000
341318784.000000
-262330128.000000
-32805648.000000
0.000000
0.000000
-35.009998
-5.760080
34.393112
1903.105713
0.000000
264373424.000000
-264295232.000000
99998232.000000
0.000000
0.000000
24.219900
10.825011
24.170860
1663.180786
0.000000
282580288.000000
119135552.000000
775069504.000000
0.000000
0.000000
13.050000
10.825011
24.170860
215.947113
0.000000
784172160.000000
1226255616.000000
678803392.000000
0.000000
0.000000
-9.700000
5.687923
7.363193
67.529556
0.000000
1401597952.000000
2046476160.000000
-2012718592.000000
0.000000
0.000000
-6.800000
5.687923
7.363193
16.101194
0.000000
2870383360.000000
4497016832.000000
167728544.000000
0.000000
0.000000
-5.430000
0.609556
5.428977
6.550657
0.000000
4500143616.000000
